# RPLiDAR C1 raw scan
# columns: angle_deg, distance_mm, quality
356.438,   595.25,  48
357.141,   596.00,  47
357.844,   595.25,  46
358.547,   594.75,  46
359.297,   595.50,  46
  0.000,   596.25,  44
  0.719,   597.00,  44
  1.422,   597.75,  45
  2.125,   597.50,  45
  2.828,   598.00,  45
  3.531,   598.25,  45
  4.234,   598.25,  46
  4.984,   599.75,  46
  5.688,   601.25,  46
  6.406,   602.50,  47
  7.109,   604.25,  46
  7.812,   605.00,  47
  8.516,   606.00,  47
  9.219,   606.75,  47
  9.922,   608.75,  47
 10.844,   612.25,  47
 11.594,   614.75,  47
 12.359,   615.50,  47
 13.109,   617.50,  46
 13.703,   620.50,  45
 14.406,   622.25,  45
 15.125,   624.50,  46
 15.828,   626.50,  45
 16.562,   628.25,  45
 17.266,   631.50,  44
 17.984,   634.50,  44
 18.688,   638.00,  44
 19.453,   640.00,  43
 20.172,   642.50,  42
 20.891,   647.25,  41
 21.609,   651.00,  39
 22.297,   654.25,  39
 23.000,   657.75,  38
 23.719,   662.25,  37
 24.422,   667.00,  38
 25.188,   671.25,  36
 25.906,   676.00,  36
 26.625,   680.50,  35
 27.344,   684.75,  36
 28.047,   689.00,  35
 28.750,   694.50,  33
 29.469,   700.25,  34
 30.172,   705.50,  33
 30.656,   712.25,  33
 31.297,   718.00,  32
 31.953,   723.00,  32
 32.594,   729.75,  32
 33.484,   736.25,  31
 34.188,   741.75,  29
 34.891,   749.00,  29
 35.594,   758.00,  29
 36.312,   766.25,  28
 37.016,   772.75,  27
 37.719,   779.75,  26
 38.422,   787.50,  26
 39.156,   797.50,  26
 39.859,   808.25,  25
 40.578,   816.50,  25
 41.281,   825.00,  25
 42.000,   835.75,  25
 42.703,   845.50,  25
 43.422,   856.25,  23
 44.125,   867.50,  22
 44.812,   878.50,  24
 45.516,   890.50,  23
 46.219,   908.75,  26
 46.922,   924.25,  23
 47.641,   931.75,  22
 48.344,   942.25,  21
 49.047,   955.50,  21
 49.750,   971.00,  21
 50.500,   987.50,  20
 51.203,  1003.25,  20
 51.922,  1018.50,  20
 52.625,  1036.00,  19
 53.312,  1056.50,  19
 54.016,  1076.50,  19
 54.719,  1096.75,  18
 55.422,  1119.25,  19
 56.156,  1141.00,  19
 56.859,  1164.50,  20
 57.578,  1188.50,  20
 58.281,  1212.00,  20
 58.984,  1237.75,  21
 59.688,  1264.75,  21
 60.391,  1294.25,  21
 61.094,  1326.75,  22
 61.812,  1361.00,  22
 62.516,  1397.75,  23
 63.219,  1438.75,  25
 65.750,  1565.50,  39
 67.328,  1251.50,  23
 67.828,  1253.25,  25
 68.531,  1255.00,  23
 69.250,  1257.25,  23
 69.953,  1261.50,  23
 70.672,  1264.50,  23
 71.375,  1267.75,  25
 72.094,  1270.25,  24
 72.797,  1271.75,  24
 73.531,  1276.25,  25
 74.234,  1279.75,  24
 74.953,  1282.50,  24
 75.656,  1286.00,  24
 76.391,  1294.25,  18
 80.672,  1722.25,  22
 81.375,  1700.50,  22
 81.938,  1681.25,  23
 82.609,  1660.75,  22
 83.281,  1637.50,  22
 83.953,  1614.50,  22
 84.750,  1593.75,  22
 85.453,  1574.50,  22
 86.156,  1556.75,  22
 86.859,  1540.75,  22
 87.578,  1540.50,  22
 88.281,  1560.25,  22
 88.984,  1584.00,  22
 89.688,  1608.25,  22
 90.406,  1634.75,  22
 91.109,  1661.00,  22
 91.812,  1686.75,  18
 93.219,  2778.50,  23
 93.922,  2757.75,  18
 96.062,  2058.50,  24
 96.766,  2066.25,  24
 97.484,  2071.25,  24
 98.188,  2076.50,  24
 98.875,  2083.00,  25
 99.578,  2089.75,  26
100.281,  2097.25,  28
100.984,  2105.50,  29
101.875,  2115.75,  34
108.281,  1466.75,  21
109.703,  1389.25,   8
111.859,  1243.75,  19
112.562,  1212.75,  21
113.281,  1183.75,  21
113.984,  1154.00,  20
114.703,  1125.50,  20
115.406,  1098.50,  18
116.141,  1070.75,  19
116.844,  1045.00,  18
117.562,  1021.75,  24
118.266,   996.75,  22
118.812,   970.50,  20
119.469,   949.00,  22
120.141,   931.25,  22
120.797,   913.00,  23
121.625,   894.00,  23
122.328,   876.75,  27
123.031,   861.25,  28
123.734,   848.75,  26
124.438,   834.25,  27
125.141,   819.50,  27
125.844,   807.00,  26
126.547,   794.75,  27
127.281,   781.50,  28
127.984,   768.25,  28
128.703,   758.25,  28
129.406,   750.50,  32
130.094,   749.50,  30
130.797,   755.25,  29
131.500,   762.75,  28
132.203,   771.75,  27
132.906,   781.00,  26
133.609,   791.25,  25
134.312,   804.00,  30
135.016,   816.50,  27
135.938,   826.50,  26
136.688,   835.75,  24
137.453,   847.00,  23
138.203,   859.00,  23
138.781,   871.75,  22
139.484,   884.00,  21
141.656,  3914.25,   9
143.094,  1850.25,  24
143.812,  1852.75,  25
144.516,  1856.50,  25
145.219,  1866.00,  26
145.938,  1880.00,  25
146.641,  1897.50,  14
148.062,  2157.75,  24
148.781,  2155.00,  24
149.484,  2157.00,  18
151.641,  1897.25,  23
153.781,  2963.50,  11
155.203,  7396.25,  11
158.016,  3367.75,  17
159.453,  2852.75,  17
161.609,  1956.25,  25
170.859,  6868.25,  23
171.562,  6868.00,  23
172.266,  6857.50,  23
172.969,  6849.50,  23
173.672,  6843.00,  23
174.375,  6838.00,  23
175.078,  6833.75,  23
175.797,  6829.25,  23
176.500,  6825.50,  23
177.203,  6822.25,  21
178.641,  1766.75,  22
180.766,  2131.50,  22
182.172,  6836.00,  22
182.875,  6844.00,  22
183.578,  6773.25,  17
186.453,  2339.00,  25
188.562,  1679.75,  25
189.266,  1682.75,  19
190.922,  3277.75,  20
191.672,  3276.25,  25
192.422,  3258.75,  18
193.062,  3246.50,  17
193.781,  3278.00,  24
194.500,  3297.00,  22
195.219,  3291.25,  16
197.281,  1910.75,  20
199.469,  5055.75,  14
203.062,  1994.50,  27
203.781,  2011.75,   7
207.344,  2439.75,  22
208.047,  2429.25,  22
208.766,  2400.00,  21
209.469,  2368.25,  21
210.172,  2360.50,  22
210.875,  2380.25,  18
212.281,  2003.75,  21
213.031,  2005.00,  21
213.734,  2024.75,  23
214.453,  2035.50,  23
215.156,  2036.50,  20
216.594,  3447.50,  21
218.016,  2129.75,  24
219.453,  3601.00,  12
220.172,  3640.50,  16
221.625,  2615.00,  13
224.484,  2265.00,  23
226.609,  8138.00,   3
227.141,  8057.00,   3
232.812,  5105.00,   9
233.516,  5180.75,  11
236.359,  5924.00,  11
237.781,  7040.00,   4
240.594,  4415.75,   5
242.031,  6757.50,   6
242.750,  6722.00,   4
243.453,  6755.00,   7
244.859,  5162.75,  10
247.672,  4729.25,   5
251.891, 10003.00,   7
252.625, 10016.50,   6
253.328, 10000.75,   6
254.750, 13868.75,   5
255.469, 13832.50,   5
256.172, 13795.00,   2
259.000, 13662.75,   5
259.703, 13631.75,   4
260.406, 13615.75,   5
261.141, 13593.00,   3
263.266, 13528.50,   5
264.031, 13519.50,   5
264.750, 13508.25,   5
265.469, 13498.50,   6
267.562, 10359.50,   4
268.969,  7498.75,  26
269.719,  7503.25,  23
270.422,  7504.75,  22
271.141,  7501.25,  17
273.250,  3778.00,   5
278.234,  1927.50,  27
284.625,  2114.25,  26
290.297,  1590.00,  21
291.703,  1496.25,  21
292.438,  1456.00,  21
293.141,  1418.50,  21
293.859,  1382.25,  21
294.562,  1347.00,  20
295.281,  1315.25,  20
295.984,  1283.75,  20
296.703,  1254.25,  20
297.406,  1228.50,  20
298.141,  1204.00,  21
298.844,  1185.75,  24
299.562,  1186.00,  25
300.266,  1199.00,  25
300.984,  1213.00,  37
301.688,  1212.00,  27
302.406,  1192.00,  23
303.109,  1165.25,  19
303.828,  1141.00,  19
304.531,  1123.00,  18
305.250,  1106.50,  17
305.953,  1089.25,  15
306.688,  1071.75,  15
307.391,  1054.75,  15
308.109,  1039.25,  16
308.812,  1025.50,  15
309.531,  1012.50,  16
310.234,  1001.25,  18
310.953,   988.75,  17
311.656,   977.50,  19
312.359,   966.75,  19
313.062,   955.50,  19
313.766,   944.75,  19
314.469,   933.25,  20
315.203,   923.50,  21
315.906,   913.50,  21
316.625,   902.00,  22
317.328,   895.75,  23
318.078,   889.50,  24
318.797,   879.75,  24
319.516,   871.50,  25
320.234,   864.00,  26
320.922,   856.25,  26
321.625,   848.50,  28
322.344,   839.75,  29
323.047,   831.75,  29
323.766,   824.75,  31
324.469,   818.25,  30
325.188,   812.00,  31
325.891,   804.25,  30
326.625,   796.25,  31
327.328,   790.50,  31
328.047,   786.50,  30
328.750,   781.75,  31
329.469,   774.25,  33
330.891,   680.25,  37
331.594,   671.50,  40
332.297,   667.50,  39
333.000,   663.25,  39
333.703,   659.00,  38
334.406,   655.00,  38
335.203,   651.00,  39
335.922,   647.50,  39
336.656,   644.25,  39
337.375,   641.50,  41
338.047,   639.25,  41
338.750,   635.75,  41
339.469,   631.00,  42
340.172,   627.25,  42
340.922,   625.50,  43
341.641,   623.50,  43
342.359,   621.50,  44
343.078,   621.00,  44
343.750,   619.50,  45
344.453,   617.75,  45
345.156,   615.25,  46
345.859,   612.50,  46
346.625,   610.50,  47
347.344,   608.50,  48
348.062,   607.00,  47
348.781,   605.00,  48
349.469,   603.50,  48
350.172,   601.25,  48
350.891,   599.75,  49
351.594,   599.50,  49
352.328,   599.25,  49
353.031,   598.25,  49
353.750,   596.25,  49
354.453,   596.50,  49
355.156,   596.75,  49
355.859,   595.75,  48
356.562,   595.25,  47
357.266,   594.75,  47
